batting_team,over_number,ball_number,runs_scored,boundaries,dot_balls,wickets,extras,striker_batsman,batsman1_name,batsman1_runs,batsman1_balls_faced,batsman1_fours,batsman1_sixes,batsman2_name,batsman2_runs,batsman2_balls_faced,batsman2_fours,batsman2_sixes,bowler1_name,bowler1_overs_bowled,bowler1_maidens_bowled,bowler1_runs_conceded,bowler1_wickets_taken,bowler2_name,bowler2_overs_bowled,bowler2_maidens_bowled,bowler2_runs_conceded,bowler2_wickets_taken
LSG,19,19.3,4,1,0,0,0,Stoinis,Stoinis,129,63,11,6,Hooda,17,6,2,1,Mustafizur,3.0,0,51,1,Pathirana,4.0,0,35,2
LSG,19,19.3,5,0,0,0,1,Stoinis,Stoinis,125,62,10,6,Hooda,17,6,2,1,Mustafizur,3.0,0,47,1,Pathirana,4.0,0,35,2
LSG,19,19.2,4,1,0,0,0,Stoinis,Stoinis,120,61,10,6,Hooda,17,6,2,1,Mustafizur,3.0,0,42,1,Pathirana,4.0,0,35,2
LSG,19,19.1,6,1,0,0,0,Stoinis,Stoinis,116,60,9,6,Hooda,17,6,2,1,Mustafizur,3.0,0,38,1,Pathirana,4.0,0,35,2
LSG,18,18.6,2,0,0,0,0,Hooda,Stoinis,110,59,9,5,Hooda,17,6,2,1,Pathirana,4.0,0,35,2,Mustafizur,3.0,0,32,1
LSG,18,18.5,0,0,1,0,0,Hooda,Stoinis,110,59,9,5,Hooda,15,5,2,1,Pathirana,3.0,0,33,2,Mustafizur,3.0,0,32,1
LSG,18,18.4,4,1,0,0,0,Hooda,Stoinis,110,59,9,5,Hooda,15,4,2,1,Pathirana,3.0,0,33,2,Mustafizur,3.0,0,32,1
LSG,18,18.3,4,1,0,0,0,Hooda,Stoinis,110,59,9,5,Hooda,11,3,1,1,Pathirana,3.0,0,29,2,Mustafizur,3.0,0,32,1
LSG,18,18.2,1,0,0,0,0,Stoinis,Stoinis,110,59,9,5,Hooda,7,2,0,1,Pathirana,3.0,0,25,2,Mustafizur,3.0,0,32,1
LSG,18,18.1,4,1,0,0,0,Stoinis,Stoinis,109,58,9,5,Hooda,7,2,0,1,Pathirana,3.0,0,24,2,Mustafizur,3.0,0,32,1
LSG,17,17.6,6,1,0,0,0,Hooda,Stoinis,105,57,8,5,Hooda,7,2,0,1,Mustafizur,3.0,0,32,1,Pathirana,3.0,0,20,2
LSG,17,17.5,1,0,0,0,0,Stoinis,Stoinis,105,57,8,5,Hooda,1,1,0,0,Mustafizur,2.0,0,26,1,Pathirana,3.0,0,20,2
LSG,17,17.4,2,0,0,0,0,Stoinis,Stoinis,104,56,8,5,Hooda,1,1,0,0,Mustafizur,2.0,0,25,1,Pathirana,3.0,0,20,2
LSG,17,17.3,0,0,1,0,0,Stoinis,Stoinis,102,55,8,5,Hooda,1,1,0,0,Mustafizur,2.0,0,23,1,Pathirana,3.0,0,20,2
LSG,17,17.2,6,1,0,0,0,Stoinis,Stoinis,102,54,8,5,Hooda,1,1,0,0,Mustafizur,2.0,0,23,1,Pathirana,3.0,0,20,2
LSG,17,17.1,0,0,1,0,0,Stoinis,Stoinis,96,53,8,4,Hooda,1,1,0,0,Mustafizur,2.0,0,17,1,Pathirana,3.0,0,20,2
LSG,16,16.6,1,0,0,0,1,Stoinis,Stoinis,96,52,8,4,Hooda,1,1,0,0,Pathirana,3.0,0,20,2,Thakur,3.0,0,42,0
LSG,16,16.5,4,1,0,0,0,Stoinis,Stoinis,95,51,8,4,Hooda,1,1,0,0,Pathirana,2.0,0,20,2,Thakur,3.0,0,42,0
LSG,16,16.4,1,0,0,0,0,Hooda,Stoinis,91,50,7,4,Hooda,1,1,0,0,Pathirana,2.0,0,16,2,Thakur,3.0,0,42,0
LSG,16,16.3,0,0,0,1,0,Pooran,Stoinis,91,50,7,4,,0,0,0,0,Pathirana,2.0,0,15,2,Thakur,3.0,0,42,0
LSG,16,16.2,1,0,0,0,0,Stoinis,Stoinis,91,50,7,4,Pooran,34,14,3,2,Pathirana,2.0,0,15,1,Thakur,3.0,0,42,0
LSG,16,16.1,0,0,1,0,0,Stoinis,Stoinis,90,49,7,4,Pooran,34,14,3,2,Pathirana,2.0,0,14,1,Thakur,3.0,0,42,0
LSG,15,15.6,1,0,0,0,0,Stoinis,Stoinis,90,48,7,4,Pooran,34,14,3,2,Thakur,3.0,0,42,0,Mustafizur,2.0,0,17,1
LSG,15,15.5,1,0,0,0,0,Pooran,Stoinis,89,47,7,4,Pooran,34,14,3,2,Thakur,2.0,0,41,0,Mustafizur,2.0,0,17,1
LSG,15,15.4,2,0,0,0,0,Pooran,Stoinis,89,47,7,4,Pooran,33,13,3,2,Thakur,2.0,0,40,0,Mustafizur,2.0,0,17,1
LSG,15,15.3,6,1,0,0,0,Pooran,Stoinis,89,47,7,4,Pooran,31,12,3,2,Thakur,2.0,0,38,0,Mustafizur,2.0,0,17,1
LSG,15,15.2,4,1,0,0,0,Pooran,Stoinis,89,47,7,4,Pooran,25,11,3,1,Thakur,2.0,0,32,0,Mustafizur,2.0,0,17,1
LSG,15,15.1,6,1,0,0,0,Pooran,Stoinis,89,47,7,4,Pooran,21,10,2,1,Thakur,2.0,0,28,0,Mustafizur,2.0,0,17,1
LSG,14,14.6,0,0,1,0,0,Stoinis,Stoinis,89,47,7,4,Pooran,15,9,2,0,Mustafizur,2.0,0,17,1,Pathirana,2.0,0,14,1
LSG,14,14.5,6,1,0,0,0,Stoinis,Stoinis,89,46,7,4,Pooran,15,9,2,0,Mustafizur,1.0,0,17,1,Pathirana,2.0,0,14,1
LSG,14,14.4,1,0,0,0,0,Pooran,Stoinis,83,45,7,3,Pooran,15,9,2,0,Mustafizur,1.0,0,11,1,Pathirana,2.0,0,14,1
LSG,14,14.3,4,1,0,0,0,Pooran,Stoinis,83,45,7,3,Pooran,14,8,2,0,Mustafizur,1.0,0,10,1,Pathirana,2.0,0,14,1
LSG,14,14.2,1,0,0,0,0,Stoinis,Stoinis,83,45,7,3,Pooran,10,7,1,0,Mustafizur,1.0,0,6,1,Pathirana,2.0,0,14,1
LSG,14,14.1,1,0,0,0,0,Pooran,Stoinis,82,44,7,3,Pooran,10,7,1,0,Mustafizur,1.0,0,5,1,Pathirana,2.0,0,14,1
LSG,13,13.6,2,0,0,0,0,Stoinis,Stoinis,82,44,7,3,Pooran,9,6,1,0,Pathirana,2.0,0,14,1,Deshpande,3.0,0,34,0
LSG,13,13.5,1,0,0,0,0,Pooran,Stoinis,80,43,7,3,Pooran,9,6,1,0,Pathirana,1.0,0,12,1,Deshpande,3.0,0,34,0
LSG,13,13.4,4,1,0,0,0,Pooran,Stoinis,80,43,7,3,Pooran,8,5,1,0,Pathirana,1.0,0,11,1,Deshpande,3.0,0,34,0
LSG,13,13.3,1,0,0,0,0,Stoinis,Stoinis,80,43,7,3,Pooran,4,4,0,0,Pathirana,1.0,0,7,1,Deshpande,3.0,0,34,0
LSG,13,13.2,0,0,1,0,0,Stoinis,Stoinis,79,42,7,3,Pooran,4,4,0,0,Pathirana,1.0,0,6,1,Deshpande,3.0,0,34,0
LSG,13,13.1,1,0,0,0,0,Pooran,Stoinis,79,41,7,3,Pooran,4,4,0,0,Pathirana,1.0,0,6,1,Deshpande,3.0,0,34,0
LSG,12,12.6,0,0,1,0,0,Stoinis,Stoinis,79,41,7,3,Pooran,3,3,0,0,Deshpande,3.0,0,34,0,Thakur,2.0,0,22,0
LSG,12,12.6,5,0,0,0,1,Stoinis,Stoinis,79,40,7,3,Pooran,3,3,0,0,Deshpande,3.0,0,34,0,Thakur,2.0,0,22,0
LSG,12,12.5,2,0,0,0,0,Stoinis,Stoinis,74,39,7,3,Pooran,3,3,0,0,Deshpande,2.0,0,29,0,Thakur,2.0,0,22,0
LSG,12,12.4,2,0,0,0,0,Stoinis,Stoinis,72,38,7,3,Pooran,3,3,0,0,Deshpande,2.0,0,27,0,Thakur,2.0,0,22,0
LSG,12,12.3,6,1,0,0,0,Stoinis,Stoinis,70,37,7,3,Pooran,3,3,0,0,Deshpande,2.0,0,25,0,Thakur,2.0,0,22,0
LSG,12,12.2,1,0,0,0,0,Pooran,Stoinis,64,36,7,2,Pooran,3,3,0,0,Deshpande,2.0,0,19,0,Thakur,2.0,0,22,0
LSG,12,12.1,1,0,0,0,0,Stoinis,Stoinis,64,36,7,2,Pooran,2,2,0,0,Deshpande,2.0,0,18,0,Thakur,2.0,0,22,0
LSG,11,11.6,1,0,0,0,0,Stoinis,Stoinis,63,35,7,2,Pooran,2,2,0,0,Thakur,2.0,0,22,0,Pathirana,1.0,0,5,1
LSG,11,11.6,1,0,0,0,1,Stoinis,Stoinis,62,34,7,2,Pooran,2,2,0,0,Thakur,1.0,0,21,0,Pathirana,1.0,0,5,1
LSG,11,11.5,1,0,0,0,0,Pooran,Stoinis,61,34,7,2,Pooran,2,2,0,0,Thakur,1.0,0,20,0,Pathirana,1.0,0,5,1
LSG,11,11.4,1,0,0,0,0,Stoinis,Stoinis,61,34,7,2,Pooran,1,1,0,0,Thakur,1.0,0,19,0,Pathirana,1.0,0,5,1
LSG,11,11.3,1,0,0,0,0,Pooran,Stoinis,60,33,7,2,Pooran,1,1,0,0,Thakur,1.0,0,18,0,Pathirana,1.0,0,5,1
LSG,11,11.2,1,0,0,0,0,Stoinis,Stoinis,60,33,7,2,,0,0,0,0,Thakur,1.0,0,17,0,Pathirana,1.0,0,5,1
LSG,11,11.1,4,1,0,0,0,Stoinis,Stoinis,59,32,7,2,,0,0,0,0,Thakur,1.0,0,16,0,Pathirana,1.0,0,5,1
LSG,10,10.6,0,0,0,1,0,Padikkal,Stoinis,55,31,6,2,,0,0,0,0,Pathirana,1.0,0,5,1,Jadeja,2.0,0,16,0
LSG,10,10.5,0,0,1,0,0,Padikkal,Stoinis,55,31,6,2,Padikkal,16,18,0,0,Pathirana,0,0,5,0,Jadeja,2.0,0,16,0
LSG,10,10.5,1,0,0,0,1,Padikkal,Stoinis,55,31,6,2,Padikkal,16,17,0,0,Pathirana,0,0,5,0,Jadeja,2.0,0,16,0
LSG,10,10.4,1,0,0,0,0,Stoinis,Stoinis,55,31,6,2,Padikkal,15,17,0,0,Pathirana,0,0,4,0,Jadeja,2.0,0,16,0
LSG,10,10.4,1,0,0,0,1,Stoinis,Stoinis,54,30,6,2,Padikkal,15,17,0,0,Pathirana,0,0,3,0,Jadeja,2.0,0,16,0
LSG,10,10.3,0,0,1,0,0,Stoinis,Stoinis,53,30,6,2,Padikkal,15,17,0,0,Pathirana,0,0,2,0,Jadeja,2.0,0,16,0
LSG,10,10.2,1,0,0,0,0,Padikkal,Stoinis,53,29,6,2,Padikkal,15,17,0,0,Pathirana,0,0,2,0,Jadeja,2.0,0,16,0
LSG,10,10.1,1,0,0,0,0,Stoinis,Stoinis,53,29,6,2,Padikkal,14,16,0,0,Pathirana,0,0,1,0,Jadeja,2.0,0,16,0
LSG,9,9.6,1,0,0,0,0,Stoinis,Stoinis,52,28,6,2,Padikkal,14,16,0,0,Jadeja,2.0,0,16,0,Moeen Ali,2.0,0,21,0
LSG,9,9.5,1,0,0,0,0,Padikkal,Stoinis,51,27,6,2,Padikkal,14,16,0,0,Jadeja,2.0,0,15,0,Moeen Ali,2.0,0,21,0
LSG,9,9.4,0,0,1,0,0,Padikkal,Stoinis,51,27,6,2,Padikkal,13,15,0,0,Jadeja,1.0,0,14,0,Moeen Ali,2.0,0,21,0
LSG,9,9.3,1,0,0,0,0,Stoinis,Stoinis,51,27,6,2,Padikkal,13,14,0,0,Jadeja,1.0,0,14,0,Moeen Ali,2.0,0,21,0
LSG,9,9.2,1,0,0,0,1,Padikkal,Stoinis,50,26,6,2,Padikkal,13,14,0,0,Jadeja,1.0,0,13,0,Moeen Ali,2.0,0,21,0
LSG,9,9.1,1,0,0,0,0,Stoinis,Stoinis,50,26,6,2,Padikkal,12,13,0,0,Jadeja,1.0,0,13,0,Moeen Ali,2.0,0,21,0
LSG,8,8.6,0,0,1,0,0,Padikkal,Stoinis,49,25,6,2,Padikkal,12,13,0,0,Moeen Ali,2.0,0,21,0,Jadeja,1.0,0,12,0
LSG,8,8.5,2,0,0,0,0,Padikkal,Stoinis,49,25,6,2,Padikkal,12,12,0,0,Moeen Ali,1.0,0,21,0,Jadeja,1.0,0,12,0
LSG,8,8.4,2,0,0,0,0,Padikkal,Stoinis,49,25,6,2,Padikkal,10,11,0,0,Moeen Ali,1.0,0,19,0,Jadeja,1.0,0,12,0
LSG,8,8.3,1,0,0,0,0,Stoinis,Stoinis,49,25,6,2,Padikkal,8,10,0,0,Moeen Ali,1.0,0,17,0,Jadeja,1.0,0,12,0
LSG,8,8.2,6,1,0,0,0,Stoinis,Stoinis,48,24,6,2,Padikkal,8,10,0,0,Moeen Ali,1.0,0,16,0,Jadeja,1.0,0,12,0
LSG,8,8.1,4,1,0,0,0,Stoinis,Stoinis,42,23,6,1,Padikkal,8,10,0,0,Moeen Ali,1.0,0,10,0,Jadeja,1.0,0,12,0
LSG,7,7.6,1,0,0,0,0,Stoinis,Stoinis,38,22,5,1,Padikkal,8,10,0,0,Jadeja,1.0,0,12,0,Moeen Ali,1.0,0,6,0
LSG,7,7.6,2,0,0,0,1,Padikkal,Stoinis,37,21,5,1,Padikkal,8,10,0,0,Jadeja,1.0,0,11,0,Moeen Ali,1.0,0,6,0
LSG,7,7.5,1,0,0,0,0,Stoinis,Stoinis,37,21,5,1,Padikkal,6,9,0,0,Jadeja,0,0,9,0,Moeen Ali,1.0,0,6,0
LSG,7,7.4,6,1,0,0,0,Stoinis,Stoinis,36,20,5,1,Padikkal,6,9,0,0,Jadeja,0,0,8,0,Moeen Ali,1.0,0,6,0
LSG,7,7.3,1,0,0,0,0,Padikkal,Stoinis,30,19,5,0,Padikkal,6,9,0,0,Jadeja,0,0,2,0,Moeen Ali,1.0,0,6,0
LSG,7,7.2,0,0,1,0,0,Padikkal,Stoinis,30,19,5,0,Padikkal,5,8,0,0,Jadeja,0,0,1,0,Moeen Ali,1.0,0,6,0
LSG,7,7.1,1,0,0,0,0,Stoinis,Stoinis,30,19,5,0,Padikkal,5,7,0,0,Jadeja,0,0,1,0,Moeen Ali,1.0,0,6,0
LSG,6,6.6,1,0,0,0,0,Stoinis,Stoinis,29,18,5,0,Padikkal,5,7,0,0,Moeen Ali,1.0,0,6,0,Thakur,1.0,0,12,0
LSG,6,6.5,1,0,0,0,0,Padikkal,Stoinis,28,17,5,0,Padikkal,5,7,0,0,Moeen Ali,0,0,5,0,Thakur,1.0,0,12,0
LSG,6,6.4,1,0,0,0,0,Stoinis,Stoinis,28,17,5,0,Padikkal,4,6,0,0,Moeen Ali,0,0,4,0,Thakur,1.0,0,12,0
LSG,6,6.3,1,0,0,0,0,Padikkal,Stoinis,27,16,5,0,Padikkal,4,6,0,0,Moeen Ali,0,0,3,0,Thakur,1.0,0,12,0
LSG,6,6.2,1,0,0,0,0,Stoinis,Stoinis,27,16,5,0,Padikkal,3,5,0,0,Moeen Ali,0,0,2,0,Thakur,1.0,0,12,0
LSG,6,6.1,1,0,0,0,0,Padikkal,Stoinis,26,15,5,0,Padikkal,3,5,0,0,Moeen Ali,0,0,1,0,Thakur,1.0,0,12,0
LSG,5,5.6,1,0,0,0,0,Padikkal,Stoinis,26,15,5,0,Padikkal,2,4,0,0,Thakur,1.0,0,12,0,Mustafizur,1.0,0,4,1
LSG,5,5.5,1,0,0,0,0,Stoinis,Stoinis,26,15,5,0,Padikkal,1,3,0,0,Thakur,0,0,11,0,Mustafizur,1.0,0,4,1
LSG,5,5.4,1,0,0,0,0,Padikkal,Stoinis,25,14,5,0,Padikkal,1,3,0,0,Thakur,0,0,10,0,Mustafizur,1.0,0,4,1
LSG,5,5.3,1,0,0,0,0,Stoinis,Stoinis,25,14,5,0,Padikkal,0,2,0,0,Thakur,0,0,9,0,Mustafizur,1.0,0,4,1
LSG,5,5.2,4,1,0,0,0,Stoinis,Stoinis,24,13,5,0,Padikkal,0,2,0,0,Thakur,0,0,8,0,Mustafizur,1.0,0,4,1
LSG,5,5.1,4,1,0,0,0,Stoinis,Stoinis,20,12,4,0,Padikkal,0,2,0,0,Thakur,0,0,4,0,Mustafizur,1.0,0,4,1
LSG,4,4.6,0,0,1,0,0,Padikkal,Stoinis,16,11,3,0,Padikkal,0,2,0,0,Mustafizur,1.0,0,4,1,Deshpande,2.0,0,17,0
LSG,4,4.5,0,0,1,0,0,Padikkal,Stoinis,16,11,3,0,Padikkal,0,1,0,0,Mustafizur,0,0,4,1,Deshpande,2.0,0,17,0
LSG,4,4.4,0,0,0,1,0,Rahul,Stoinis,16,11,3,0,,0,0,0,0,Mustafizur,0,0,4,1,Deshpande,2.0,0,17,0
LSG,4,4.3,0,0,1,0,0,Rahul,Stoinis,16,11,3,0,Rahul,17,13,1,1,Mustafizur,0,0,4,0,Deshpande,2.0,0,17,0
LSG,4,4.2,0,0,1,0,0,Rahul,Stoinis,16,11,3,0,Rahul,17,12,1,1,Mustafizur,0,0,4,0,Deshpande,2.0,0,17,0
LSG,4,4.1,4,1,0,0,0,Rahul,Stoinis,16,11,3,0,Rahul,17,11,1,1,Mustafizur,0,0,4,0,Deshpande,2.0,0,17,0
LSG,3,3.6,0,0,1,0,0,Stoinis,Stoinis,16,11,3,0,Rahul,13,10,0,1,Deshpande,2.0,0,17,0,Chahar,2.0,0,11,1
LSG,3,3.5,4,1,0,0,0,Stoinis,Stoinis,16,10,3,0,Rahul,13,10,0,1,Deshpande,1.0,0,17,0,Chahar,2.0,0,11,1
LSG,3,3.4,1,0,0,0,0,Rahul,Stoinis,12,9,2,0,Rahul,13,10,0,1,Deshpande,1.0,0,13,0,Chahar,2.0,0,11,1
LSG,3,3.3,2,0,0,0,0,Rahul,Stoinis,12,9,2,0,Rahul,12,9,0,1,Deshpande,1.0,0,12,0,Chahar,2.0,0,11,1
LSG,3,3.2,1,0,0,0,0,Stoinis,Stoinis,12,9,2,0,Rahul,10,8,0,1,Deshpande,1.0,0,10,0,Chahar,2.0,0,11,1
LSG,3,3.1,0,0,1,0,0,Stoinis,Stoinis,11,8,2,0,Rahul,10,8,0,1,Deshpande,1.0,0,9,0,Chahar,2.0,0,11,1
LSG,2,2.6,1,0,0,0,0,Stoinis,Stoinis,11,7,2,0,Rahul,10,8,0,1,Chahar,2.0,0,11,1,Deshpande,1.0,0,9,0
LSG,2,2.5,4,1,0,0,0,Stoinis,Stoinis,10,6,2,0,Rahul,10,8,0,1,Chahar,1.0,0,10,1,Deshpande,1.0,0,9,0
LSG,2,2.4,0,0,1,0,0,Stoinis,Stoinis,6,5,1,0,Rahul,10,8,0,1,Chahar,1.0,0,6,1,Deshpande,1.0,0,9,0
LSG,2,2.3,4,1,0,0,0,Stoinis,Stoinis,6,4,1,0,Rahul,10,8,0,1,Chahar,1.0,0,6,1,Deshpande,1.0,0,9,0
LSG,2,2.2,1,0,0,0,0,Rahul,Stoinis,2,3,0,0,Rahul,10,8,0,1,Chahar,1.0,0,2,1,Deshpande,1.0,0,9,0
LSG,2,2.1,0,0,1,0,0,Rahul,Stoinis,2,3,0,0,Rahul,9,7,0,1,Chahar,1.0,0,1,1,Deshpande,1.0,0,9,0
LSG,1,1.6,1,0,0,0,1,Rahul,Stoinis,2,3,0,0,Rahul,9,6,0,1,Deshpande,1.0,0,9,0,Chahar,1.0,0,1,1
LSG,1,1.5,0,0,1,0,0,Rahul,Stoinis,2,3,0,0,Rahul,8,5,0,1,Deshpande,0,0,9,0,Chahar,1.0,0,1,1
LSG,1,1.4,6,1,0,0,0,Rahul,Stoinis,2,3,0,0,Rahul,8,4,0,1,Deshpande,0,0,9,0,Chahar,1.0,0,1,1
LSG,1,1.3,0,0,1,0,0,Rahul,Stoinis,2,3,0,0,Rahul,2,3,0,0,Deshpande,0,0,3,0,Chahar,1.0,0,1,1
LSG,1,1.2,2,0,0,0,0,Rahul,Stoinis,2,3,0,0,Rahul,2,2,0,0,Deshpande,0,0,3,0,Chahar,1.0,0,1,1
LSG,1,1.1,1,0,0,0,0,Stoinis,Stoinis,2,3,0,0,Rahul,0,1,0,0,Deshpande,0,0,1,0,Chahar,1.0,0,1,1
LSG,0,0.6,0,0,1,0,0,Rahul,Stoinis,1,2,0,0,Rahul,0,1,0,0,Chahar,1.0,0,1,1,,0,0,0,0
LSG,0,0.5,1,0,0,0,0,Stoinis,Stoinis,1,2,0,0,,0,0,0,0,Chahar,0,0,1,1,,0,0,0,0
LSG,0,0.4,0,0,1,0,0,Stoinis,Stoinis,0,1,0,0,,0,0,0,0,Chahar,0,0,0,1,,0,0,0,0
LSG,0,0.3,0,0,0,1,0,de Kock,,0,0,0,0,,0,0,0,0,Chahar,0,0,0,1,,0,0,0,0
LSG,0,0.2,0,0,1,0,0,de Kock,de Kock,0,2,0,0,,0,0,0,0,Chahar,0,0,0,0,,0,0,0,0
LSG,0,0.1,0,0,1,0,0,de Kock,de Kock,0,1,0,0,,0,0,0,0,Chahar,0,0,0,0,,0,0,0,0
