batting_team,over_number,ball_number,runs_scored,boundaries,dot_balls,wickets,extras,striker_batsman,batsman1_name,batsman1_runs,batsman1_balls_faced,batsman1_fours,batsman1_sixes,batsman2_name,batsman2_runs,batsman2_balls_faced,batsman2_fours,batsman2_sixes,bowler1_name,bowler1_overs_bowled,bowler1_maidens_bowled,bowler1_runs_conceded,bowler1_wickets_taken,bowler2_name,bowler2_overs_bowled,bowler2_maidens_bowled,bowler2_runs_conceded,bowler2_wickets_taken
PBKS,19,19.6,2,0,0,0,0,Livingstone,Livingstone,89,42,7,4,Sharma,55,27,6,2,Madhwal,3.0,0,37,0,Archer,4.0,0,56,0
PBKS,19,19.5,2,0,0,0,0,Livingstone,Livingstone,87,41,7,4,Sharma,55,27,6,2,Madhwal,3.0,0,35,0,Archer,4.0,0,56,0
PBKS,19,19.4,1,0,0,0,0,Sharma,Livingstone,85,40,7,4,Sharma,55,27,6,2,Madhwal,2.0,0,33,0,Archer,4.0,0,56,0
PBKS,19,19.3,1,0,0,0,0,Livingstone,Livingstone,85,40,7,4,Sharma,54,26,6,2,Madhwal,2.0,0,32,0,Archer,4.0,0,56,0
PBKS,19,19.2,2,0,0,0,0,Livingstone,Livingstone,84,39,7,4,Sharma,54,26,6,2,Madhwal,2.0,0,31,0,Archer,4.0,0,56,0
PBKS,19,19.1,1,0,0,0,0,Sharma,Livingstone,82,38,7,4,Sharma,54,26,6,2,Madhwal,2.0,0,29,0,Archer,4.0,0,56,0
PBKS,18,18.6,2,0,0,0,0,Livingstone,Livingstone,82,38,7,4,Sharma,53,25,6,2,Archer,4.0,0,56,0,Madhwal,2.0,0,28,0
PBKS,18,18.6,5,0,0,0,1,Livingstone,Livingstone,80,37,7,4,Sharma,53,25,6,2,Archer,4.0,0,54,0,Madhwal,2.0,0,28,0
PBKS,18,18.5,1,0,0,0,0,Sharma,Livingstone,75,37,7,4,Sharma,53,25,6,2,Archer,4.0,0,49,0,Madhwal,2.0,0,28,0
PBKS,18,18.4,1,0,0,0,0,Livingstone,Livingstone,75,37,7,4,Sharma,52,24,6,2,Archer,3.0,0,48,0,Madhwal,2.0,0,28,0
PBKS,18,18.3,6,1,0,0,0,Livingstone,Livingstone,74,36,7,4,Sharma,52,24,6,2,Archer,3.0,0,47,0,Madhwal,2.0,0,28,0
PBKS,18,18.2,6,1,0,0,0,Livingstone,Livingstone,68,35,7,3,Sharma,52,24,6,2,Archer,3.0,0,41,0,Madhwal,2.0,0,28,0
PBKS,18,18.1,6,1,0,0,0,Livingstone,Livingstone,62,34,7,2,Sharma,52,24,6,2,Archer,3.0,0,35,0,Madhwal,2.0,0,28,0
PBKS,17,17.6,0,0,1,0,0,Sharma,Livingstone,56,33,7,1,Sharma,52,24,6,2,Madhwal,2.0,0,28,0,Arshad Khan,4.0,0,48,1
PBKS,17,17.5,2,0,0,0,0,Sharma,Livingstone,56,33,7,1,Sharma,52,23,6,2,Madhwal,2.0,0,28,0,Arshad Khan,4.0,0,48,1
PBKS,17,17.4,4,1,0,0,0,Sharma,Livingstone,56,33,7,1,Sharma,50,22,6,2,Madhwal,1.0,0,26,0,Arshad Khan,4.0,0,48,1
PBKS,17,17.3,1,0,0,0,0,Livingstone,Livingstone,56,33,7,1,Sharma,46,21,5,2,Madhwal,1.0,0,22,0,Arshad Khan,4.0,0,48,1
PBKS,17,17.2,4,1,0,0,0,Livingstone,Livingstone,55,32,7,1,Sharma,46,21,5,2,Madhwal,1.0,0,21,0,Arshad Khan,4.0,0,48,1
PBKS,17,17.1,1,0,0,0,0,Sharma,Livingstone,51,31,6,1,Sharma,46,21,5,2,Madhwal,1.0,0,17,0,Arshad Khan,4.0,0,48,1
PBKS,16,16.6,1,0,0,0,0,Sharma,Livingstone,51,31,6,1,Sharma,45,20,5,2,Arshad Khan,4.0,0,48,1,Archer,3.0,0,29,0
PBKS,16,16.5,2,0,0,0,0,Sharma,Livingstone,51,31,6,1,Sharma,44,19,5,2,Arshad Khan,3.0,0,47,1,Archer,3.0,0,29,0
PBKS,16,16.4,0,0,1,0,0,Sharma,Livingstone,51,31,6,1,Sharma,42,18,5,2,Arshad Khan,3.0,0,45,1,Archer,3.0,0,29,0
PBKS,16,16.3,4,1,0,0,0,Sharma,Livingstone,51,31,6,1,Sharma,42,17,5,2,Arshad Khan,3.0,0,45,1,Archer,3.0,0,29,0
PBKS,16,16.3,1,0,0,0,1,Sharma,Livingstone,51,31,6,1,Sharma,38,16,4,2,Arshad Khan,3.0,0,41,1,Archer,3.0,0,29,0
PBKS,16,16.2,6,1,0,0,0,Sharma,Livingstone,51,31,6,1,Sharma,37,16,4,2,Arshad Khan,3.0,0,40,1,Archer,3.0,0,29,0
PBKS,16,16.1,0,0,1,0,0,Sharma,Livingstone,51,31,6,1,Sharma,31,15,4,1,Arshad Khan,3.0,0,34,1,Archer,3.0,0,29,0
PBKS,15,15.6,0,0,1,0,0,Livingstone,Livingstone,51,31,6,1,Sharma,31,14,4,1,Archer,3.0,0,29,0,Arshad Khan,3.0,0,34,1
PBKS,15,15.5,1,0,0,0,0,Sharma,Livingstone,51,30,6,1,Sharma,31,14,4,1,Archer,3.0,0,29,0,Arshad Khan,3.0,0,34,1
PBKS,15,15.4,0,0,1,0,0,Sharma,Livingstone,51,30,6,1,Sharma,30,13,4,1,Archer,2.0,0,28,0,Arshad Khan,3.0,0,34,1
PBKS,15,15.3,1,0,0,0,0,Livingstone,Livingstone,51,30,6,1,Sharma,30,12,4,1,Archer,2.0,0,28,0,Arshad Khan,3.0,0,34,1
PBKS,15,15.2,4,1,0,0,0,Livingstone,Livingstone,50,29,6,1,Sharma,30,12,4,1,Archer,2.0,0,27,0,Arshad Khan,3.0,0,34,1
PBKS,15,15.1,1,0,0,0,0,Sharma,Livingstone,46,28,5,1,Sharma,30,12,4,1,Archer,2.0,0,23,0,Arshad Khan,3.0,0,34,1
PBKS,14,14.6,4,1,0,0,0,Livingstone,Livingstone,46,28,5,1,Sharma,29,11,4,1,Arshad Khan,3.0,0,34,1,Kartikeya,3.0,0,24,0
PBKS,14,14.5,0,0,1,0,0,Livingstone,Livingstone,42,27,4,1,Sharma,29,11,4,1,Arshad Khan,2.0,0,30,1,Kartikeya,3.0,0,24,0
PBKS,14,14.4,1,0,0,0,0,Sharma,Livingstone,42,26,4,1,Sharma,29,11,4,1,Arshad Khan,2.0,0,30,1,Kartikeya,3.0,0,24,0
PBKS,14,14.3,1,0,0,0,0,Livingstone,Livingstone,42,26,4,1,Sharma,28,10,4,1,Arshad Khan,2.0,0,29,1,Kartikeya,3.0,0,24,0
PBKS,14,14.2,4,1,0,0,0,Livingstone,Livingstone,41,25,4,1,Sharma,28,10,4,1,Arshad Khan,2.0,0,28,1,Kartikeya,3.0,0,24,0
PBKS,14,14.1,4,1,0,0,0,Livingstone,Livingstone,37,24,3,1,Sharma,28,10,4,1,Arshad Khan,2.0,0,24,1,Kartikeya,3.0,0,24,0
PBKS,13,13.6,1,0,0,0,0,Livingstone,Livingstone,33,23,2,1,Sharma,28,10,4,1,Kartikeya,3.0,0,24,0,Archer,2.0,0,22,0
PBKS,13,13.5,1,0,0,0,0,Sharma,Livingstone,32,22,2,1,Sharma,28,10,4,1,Kartikeya,2.0,0,23,0,Archer,2.0,0,22,0
PBKS,13,13.4,6,1,0,0,0,Sharma,Livingstone,32,22,2,1,Sharma,27,9,4,1,Kartikeya,2.0,0,22,0,Archer,2.0,0,22,0
PBKS,13,13.3,1,0,0,0,0,Livingstone,Livingstone,32,22,2,1,Sharma,21,8,4,0,Kartikeya,2.0,0,16,0,Archer,2.0,0,22,0
PBKS,13,13.2,1,0,0,0,0,Sharma,Livingstone,31,21,2,1,Sharma,21,8,4,0,Kartikeya,2.0,0,15,0,Archer,2.0,0,22,0
PBKS,13,13.1,1,0,0,0,0,Livingstone,Livingstone,31,21,2,1,Sharma,20,7,4,0,Kartikeya,2.0,0,14,0,Archer,2.0,0,22,0
PBKS,12,12.6,4,1,0,0,1,Sharma,Livingstone,30,20,2,1,Sharma,20,7,4,0,Archer,2.0,0,22,0,Chawla,4.0,0,29,2
PBKS,12,12.5,1,0,0,0,0,Livingstone,Livingstone,30,20,2,1,Sharma,16,6,3,0,Archer,2.0,0,22,0,Chawla,4.0,0,29,2
PBKS,12,12.4,1,0,0,0,0,Sharma,Livingstone,29,19,2,1,Sharma,16,6,3,0,Archer,1.0,0,21,0,Chawla,4.0,0,29,2
PBKS,12,12.3,4,1,0,0,0,Sharma,Livingstone,29,19,2,1,Sharma,15,5,3,0,Archer,1.0,0,20,0,Chawla,4.0,0,29,2
PBKS,12,12.3,1,0,0,0,1,Sharma,Livingstone,29,19,2,1,Sharma,11,4,2,0,Archer,1.0,0,16,0,Chawla,4.0,0,29,2
PBKS,12,12.2,4,1,0,0,0,Sharma,Livingstone,29,19,2,1,Sharma,10,4,2,0,Archer,1.0,0,15,0,Chawla,4.0,0,29,2
PBKS,12,12.1,4,1,0,0,0,Sharma,Livingstone,29,19,2,1,Sharma,6,3,1,0,Archer,1.0,0,11,0,Chawla,4.0,0,29,2
PBKS,12,12.1,2,0,0,0,1,Livingstone,Livingstone,29,19,2,1,Sharma,2,2,0,0,Archer,1.0,0,7,0,Chawla,4.0,0,29,2
PBKS,11,11.6,1,0,0,0,0,Livingstone,Livingstone,27,18,2,1,Sharma,2,2,0,0,Chawla,4.0,0,29,2,Madhwal,1.0,0,16,0
PBKS,11,11.5,1,0,0,0,0,Sharma,Livingstone,26,17,2,1,Sharma,2,2,0,0,Chawla,3.0,0,28,2,Madhwal,1.0,0,16,0
PBKS,11,11.4,1,0,0,0,0,Livingstone,Livingstone,26,17,2,1,Sharma,1,1,0,0,Chawla,3.0,0,27,2,Madhwal,1.0,0,16,0
PBKS,11,11.3,1,0,0,0,0,Sharma,Livingstone,25,16,2,1,Sharma,1,1,0,0,Chawla,3.0,0,26,2,Madhwal,1.0,0,16,0
PBKS,11,11.2,0,0,0,1,0,MW Short,Livingstone,25,16,2,1,,0,0,0,0,Chawla,3.0,0,25,2,Madhwal,1.0,0,16,0
PBKS,11,11.1,1,0,0,0,0,Livingstone,MW Short,28,25,2,1,Livingstone,25,16,2,1,Chawla,3.0,0,25,1,Madhwal,1.0,0,16,0
PBKS,10,10.6,2,0,0,0,0,MW Short,MW Short,28,25,2,1,Livingstone,24,15,2,1,Madhwal,1.0,0,16,0,Chawla,3.0,0,24,1
PBKS,10,10.5,1,0,0,0,0,Livingstone,MW Short,26,24,2,1,Livingstone,24,15,2,1,Madhwal,1.0,0,14,0,Chawla,3.0,0,24,1
PBKS,10,10.4,6,1,0,0,0,Livingstone,MW Short,26,24,2,1,Livingstone,23,14,2,1,Madhwal,0,0,13,0,Chawla,3.0,0,24,1
PBKS,10,10.3,1,0,0,0,0,MW Short,MW Short,26,24,2,1,Livingstone,17,13,2,0,Madhwal,0,0,7,0,Chawla,3.0,0,24,1
PBKS,10,10.2,1,0,0,0,0,Livingstone,MW Short,25,23,2,1,Livingstone,17,13,2,0,Madhwal,0,0,6,0,Chawla,3.0,0,24,1
PBKS,10,10.2,1,0,0,0,1,Livingstone,MW Short,25,23,2,1,Livingstone,16,12,2,0,Madhwal,0,0,5,0,Chawla,3.0,0,24,1
PBKS,10,10.1,4,1,0,0,0,Livingstone,MW Short,25,23,2,1,Livingstone,15,11,2,0,Madhwal,0,0,4,0,Chawla,3.0,0,24,1
PBKS,9,9.6,1,0,0,0,0,Livingstone,MW Short,25,23,2,1,Livingstone,11,10,1,0,Chawla,3.0,0,24,1,Kartikeya,2.0,0,13,0
PBKS,9,9.5,4,1,0,0,0,Livingstone,MW Short,25,23,2,1,Livingstone,10,9,1,0,Chawla,2.0,0,23,1,Kartikeya,2.0,0,13,0
PBKS,9,9.4,0,0,1,0,0,Livingstone,MW Short,25,23,2,1,Livingstone,6,8,0,0,Chawla,2.0,0,19,1,Kartikeya,2.0,0,13,0
PBKS,9,9.3,0,0,1,0,0,Livingstone,MW Short,25,23,2,1,Livingstone,6,7,0,0,Chawla,2.0,0,19,1,Kartikeya,2.0,0,13,0
PBKS,9,9.2,1,0,0,0,0,MW Short,MW Short,25,23,2,1,Livingstone,6,6,0,0,Chawla,2.0,0,19,1,Kartikeya,2.0,0,13,0
PBKS,9,9.1,1,0,0,0,0,Livingstone,MW Short,24,22,2,1,Livingstone,6,6,0,0,Chawla,2.0,0,18,1,Kartikeya,2.0,0,13,0
PBKS,8,8.6,0,0,1,0,0,MW Short,MW Short,24,22,2,1,Livingstone,5,5,0,0,Kartikeya,2.0,0,13,0,Chawla,2.0,0,17,1
PBKS,8,8.6,1,0,0,0,1,MW Short,MW Short,24,21,2,1,Livingstone,5,5,0,0,Kartikeya,1.0,0,13,0,Chawla,2.0,0,17,1
PBKS,8,8.5,1,0,0,0,0,Livingstone,MW Short,23,21,2,1,Livingstone,5,5,0,0,Kartikeya,1.0,0,12,0,Chawla,2.0,0,17,1
PBKS,8,8.4,1,0,0,0,0,MW Short,MW Short,23,21,2,1,Livingstone,4,4,0,0,Kartikeya,1.0,0,11,0,Chawla,2.0,0,17,1
PBKS,8,8.3,1,0,0,0,0,Livingstone,MW Short,22,20,2,1,Livingstone,4,4,0,0,Kartikeya,1.0,0,10,0,Chawla,2.0,0,17,1
PBKS,8,8.2,1,0,0,0,0,MW Short,MW Short,22,20,2,1,Livingstone,3,3,0,0,Kartikeya,1.0,0,9,0,Chawla,2.0,0,17,1
PBKS,8,8.1,1,0,0,0,0,Livingstone,MW Short,21,19,2,1,Livingstone,3,3,0,0,Kartikeya,1.0,0,8,0,Chawla,2.0,0,17,1
PBKS,7,7.6,0,0,1,0,0,MW Short,MW Short,21,19,2,1,Livingstone,2,2,0,0,Chawla,2.0,0,17,1,Kartikeya,1.0,0,7,0
PBKS,7,7.5,1,0,0,0,0,Livingstone,MW Short,21,18,2,1,Livingstone,2,2,0,0,Chawla,1.0,0,17,1,Kartikeya,1.0,0,7,0
PBKS,7,7.4,1,0,0,0,0,MW Short,MW Short,21,18,2,1,Livingstone,1,1,0,0,Chawla,1.0,0,16,1,Kartikeya,1.0,0,7,0
PBKS,7,7.3,1,0,0,0,0,Livingstone,MW Short,20,17,2,1,Livingstone,1,1,0,0,Chawla,1.0,0,15,1,Kartikeya,1.0,0,7,0
PBKS,7,7.2,0,0,0,1,0,S Dhawan,MW Short,20,17,2,1,,0,0,0,0,Chawla,1.0,0,14,1,Kartikeya,1.0,0,7,0
PBKS,7,7.1,4,1,0,0,0,S Dhawan,S Dhawan,33,19,5,0,MW Short,20,17,2,1,Chawla,1.0,0,14,0,Kartikeya,1.0,0,7,0
PBKS,6,6.6,1,0,0,0,0,S Dhawan,S Dhawan,29,18,4,0,MW Short,20,17,2,1,Kartikeya,1.0,0,7,0,Chawla,1.0,0,10,0
PBKS,6,6.6,1,0,0,0,1,S Dhawan,S Dhawan,28,17,4,0,MW Short,20,17,2,1,Kartikeya,0,0,6,0,Chawla,1.0,0,10,0
PBKS,6,6.5,2,0,0,0,0,S Dhawan,S Dhawan,27,17,4,0,MW Short,20,17,2,1,Kartikeya,0,0,5,0,Chawla,1.0,0,10,0
PBKS,6,6.4,1,0,0,0,0,MW Short,S Dhawan,25,16,4,0,MW Short,20,17,2,1,Kartikeya,0,0,3,0,Chawla,1.0,0,10,0
PBKS,6,6.3,0,0,1,0,0,MW Short,S Dhawan,25,16,4,0,MW Short,19,16,2,1,Kartikeya,0,0,2,0,Chawla,1.0,0,10,0
PBKS,6,6.2,1,0,0,0,1,S Dhawan,S Dhawan,25,16,4,0,MW Short,19,15,2,1,Kartikeya,0,0,2,0,Chawla,1.0,0,10,0
PBKS,6,6.2,1,0,0,0,1,S Dhawan,S Dhawan,24,15,4,0,MW Short,19,15,2,1,Kartikeya,0,0,2,0,Chawla,1.0,0,10,0
PBKS,6,6.1,1,0,0,0,0,MW Short,S Dhawan,23,15,4,0,MW Short,19,15,2,1,Kartikeya,0,0,1,0,Chawla,1.0,0,10,0
PBKS,5,5.6,1,0,0,0,0,MW Short,S Dhawan,23,15,4,0,MW Short,18,14,2,1,Chawla,1.0,0,10,0,Archer,1.0,0,5,0
PBKS,5,5.5,0,0,1,0,0,MW Short,S Dhawan,23,15,4,0,MW Short,17,13,2,1,Chawla,0,0,9,0,Archer,1.0,0,5,0
PBKS,5,5.4,0,0,1,0,0,MW Short,S Dhawan,23,15,4,0,MW Short,17,12,2,1,Chawla,0,0,9,0,Archer,1.0,0,5,0
PBKS,5,5.3,1,0,0,0,0,S Dhawan,S Dhawan,23,15,4,0,MW Short,17,11,2,1,Chawla,0,0,9,0,Archer,1.0,0,5,0
PBKS,5,5.2,4,1,0,0,0,S Dhawan,S Dhawan,22,14,4,0,MW Short,17,11,2,1,Chawla,0,0,8,0,Archer,1.0,0,5,0
PBKS,5,5.1,4,1,0,0,0,S Dhawan,S Dhawan,18,13,3,0,MW Short,17,11,2,1,Chawla,0,0,4,0,Archer,1.0,0,5,0
PBKS,4,4.6,1,0,0,0,0,S Dhawan,S Dhawan,14,12,2,0,MW Short,17,11,2,1,Archer,1.0,0,5,0,Arshad Khan,2.0,0,20,1
PBKS,4,4.5,1,0,0,0,0,MW Short,S Dhawan,13,11,2,0,MW Short,17,11,2,1,Archer,0,0,4,0,Arshad Khan,2.0,0,20,1
PBKS,4,4.4,0,0,1,0,0,MW Short,S Dhawan,13,11,2,0,MW Short,16,10,2,1,Archer,0,0,3,0,Arshad Khan,2.0,0,20,1
PBKS,4,4.3,1,0,0,0,0,S Dhawan,S Dhawan,13,11,2,0,MW Short,16,9,2,1,Archer,0,0,3,0,Arshad Khan,2.0,0,20,1
PBKS,4,4.2,1,0,0,0,0,MW Short,S Dhawan,12,10,2,0,MW Short,16,9,2,1,Archer,0,0,2,0,Arshad Khan,2.0,0,20,1
PBKS,4,4.1,1,0,0,0,0,S Dhawan,S Dhawan,12,10,2,0,MW Short,15,8,2,1,Archer,0,0,1,0,Arshad Khan,2.0,0,20,1
PBKS,3,3.6,4,1,0,0,0,MW Short,S Dhawan,11,9,2,0,MW Short,15,8,2,1,Arshad Khan,2.0,0,20,1,Green,2.0,0,15,0
PBKS,3,3.5,6,1,0,0,0,MW Short,S Dhawan,11,9,2,0,MW Short,11,7,1,1,Arshad Khan,1.0,0,16,1,Green,2.0,0,15,0
PBKS,3,3.4,0,0,1,0,0,MW Short,S Dhawan,11,9,2,0,MW Short,5,6,1,0,Arshad Khan,1.0,0,10,1,Green,2.0,0,15,0
PBKS,3,3.3,0,0,1,0,0,MW Short,S Dhawan,11,9,2,0,MW Short,5,5,1,0,Arshad Khan,1.0,0,10,1,Green,2.0,0,15,0
PBKS,3,3.2,1,0,0,0,0,S Dhawan,S Dhawan,11,9,2,0,MW Short,5,4,1,0,Arshad Khan,1.0,0,10,1,Green,2.0,0,15,0
PBKS,3,3.1,1,0,0,0,0,MW Short,S Dhawan,10,8,2,0,MW Short,5,4,1,0,Arshad Khan,1.0,0,9,1,Green,2.0,0,15,0
PBKS,2,2.6,0,0,1,0,0,S Dhawan,S Dhawan,10,8,2,0,MW Short,4,3,1,0,Green,2.0,0,15,0,Arshad Khan,1.0,0,8,1
PBKS,2,2.5,4,1,0,0,0,S Dhawan,S Dhawan,10,7,2,0,MW Short,4,3,1,0,Green,1.0,0,15,0,Arshad Khan,1.0,0,8,1
PBKS,2,2.4,0,0,1,0,0,S Dhawan,S Dhawan,6,6,1,0,MW Short,4,3,1,0,Green,1.0,0,11,0,Arshad Khan,1.0,0,8,1
PBKS,2,2.3,2,0,0,0,0,S Dhawan,S Dhawan,6,5,1,0,MW Short,4,3,1,0,Green,1.0,0,11,0,Arshad Khan,1.0,0,8,1
PBKS,2,2.2,0,0,1,0,0,S Dhawan,S Dhawan,4,4,1,0,MW Short,4,3,1,0,Green,1.0,0,9,0,Arshad Khan,1.0,0,8,1
PBKS,2,2.1,0,0,1,0,0,S Dhawan,S Dhawan,4,3,1,0,MW Short,4,3,1,0,Green,1.0,0,9,0,Arshad Khan,1.0,0,8,1
PBKS,1,1.6,4,1,0,0,0,MW Short,S Dhawan,4,2,1,0,MW Short,4,3,1,0,Arshad Khan,1.0,0,8,1,Green,1.0,0,9,0
PBKS,1,1.5,0,0,1,0,0,MW Short,S Dhawan,4,2,1,0,MW Short,0,2,0,0,Arshad Khan,0,0,4,1,Green,1.0,0,9,0
PBKS,1,1.4,0,0,1,0,0,MW Short,S Dhawan,4,2,1,0,MW Short,0,1,0,0,Arshad Khan,0,0,4,1,Green,1.0,0,9,0
PBKS,1,1.3,0,0,0,1,0,Prabhsimran,S Dhawan,4,2,1,0,,0,0,0,0,Arshad Khan,0,0,4,1,Green,1.0,0,9,0
PBKS,1,1.2,0,0,1,0,0,Prabhsimran,Prabhsimran,9,6,1,0,S Dhawan,4,2,1,0,Arshad Khan,0,0,4,0,Green,1.0,0,9,0
PBKS,1,1.1,4,1,0,0,0,Prabhsimran,Prabhsimran,9,5,1,0,S Dhawan,4,2,1,0,Arshad Khan,0,0,4,0,Green,1.0,0,9,0
PBKS,0,0.6,4,1,0,0,0,S Dhawan,Prabhsimran,5,4,0,0,S Dhawan,4,2,1,0,Green,1.0,0,9,0,,0,0,0,0
PBKS,0,0.5,0,0,1,0,0,S Dhawan,Prabhsimran,5,4,0,0,S Dhawan,0,1,0,0,Green,0,0,5,0,,0,0,0,0
PBKS,0,0.4,3,0,0,0,0,Prabhsimran,Prabhsimran,5,4,0,0,,0,0,0,0,Green,0,0,5,0,,0,0,0,0
PBKS,0,0.3,2,0,0,0,0,Prabhsimran,Prabhsimran,2,3,0,0,,0,0,0,0,Green,0,0,2,0,,0,0,0,0
PBKS,0,0.2,0,0,1,0,0,Prabhsimran,Prabhsimran,0,2,0,0,,0,0,0,0,Green,0,0,0,0,,0,0,0,0
PBKS,0,0.1,0,0,1,0,0,Prabhsimran,Prabhsimran,0,1,0,0,,0,0,0,0,Green,0,0,0,0,,0,0,0,0
